58 157 256 330
63 157 261 330
67 156 265 329
70 156 268 329
73 156 271 329
76 157 274 330
80 159 278 332
83 161 281 334
86 164 284 337
89 166 287 339
93 169 291 342
97 173 295 346
101 174 299 347
106 174 304 347
111 175 309 348
117 176 315 349
123 176 321 349
130 175 328 348
137 174 335 347
144 173 342 346
152 171 350 344
160 170 358 343
168 169 366 342
177 167 375 340
185 166 383 339
194 165 392 338
202 163 400 336
210 161 408 334
218 158 416 331
225 156 423 329
232 155 430 328
238 152 436 325
244 149 442 322
250 145 448 318
254 141 452 314
259 137 457 310
263 132 461 305
266 128 464 301
268 124 466 297
270 120 468 293
272 117 470 290
273 115 471 288
273 113 471 286
273 111 471 284
273 111 471 284
273 110 471 283
272 109 470 282
272 108 470 281
272 108 470 281
273 108 471 281
276 113 474 286
277 113 475 286
278 112 476 285
280 109 478 282
282 107 480 280
284 105 482 278
287 104 485 277
290 103 488 276
294 103 492 276
300 102 498 275
306 100 504 273
312 99 510 272
319 98 517 271
326 97 524 270
334 97 532 270
345 98 543 271
355 98 553 271
364 97 562 270
375 97 573 270
385 97 583 270
395 96 593 269
405 96 603 269
414 97 612 270
422 97 620 270
430 98 628 271
437 98 635 271
442 99 640 272
442 99 640 272
442 100 640 273
454 102 652 275
456 105 654 278
457 106 655 279
458 107 656 280
457 109 655 282
456 110 654 283
454 110 652 283
452 111 650 284
449 112 647 285
449 113 647 286
449 113 647 286
449 113 647 286
449 113 647 286
449 113 647 286
449 113 647 286
449 113 647 286
449 113 647 286
449 113 647 286
449 114 647 287
449 114 647 287
449 114 647 287
449 114 647 287
451 114 649 287
454 115 652 288
458 117 656 290
461 117 659 290
461 118 659 291
469 121 667 294
461 121 659 294
461 117 659 290
449 117 647 290
449 119 647 292
449 121 647 294
451 123 649 296
453 124 651 297
454 124 652 297
455 125 653 298
454 126 652 299
454 127 652 300
452 127 650 300
451 127 649 300
449 128 647 301
449 127 647 300
449 126 647 299
449 125 647 298
449 124 647 297
449 123 647 296
449 122 647 295
449 121 647 294
449 119 647 292
449 117 647 290
449 116 647 289
449 116 647 289
449 116 647 289
449 115 647 288
451 116 649 289
453 116 651 289
455 116 653 289
458 116 656 289
461 117 659 290
461 117 659 290
461 117 659 290
461 118 659 291
461 119 659 292
461 118 659 291
461 121 659 294
461 123 659 296
458 125 656 298
454 126 652 299
449 127 647 300
449 127 647 300
436 133 634 306
429 134 627 307
423 134 621 307
416 133 614 306
409 132 607 305
401 132 599 305
394 131 592 304
388 131 586 304
381 129 579 302
376 128 574 301
371 124 569 297
366 120 564 293
362 118 560 291
358 116 556 289
355 114 553 287
352 114 550 287
350 114 548 287
349 114 547 287
344 110 542 283
342 109 540 282
340 108 538 281
338 108 536 281
336 108 534 281
334 108 532 281
331 106 529 279
328 105 526 278
325 104 523 277
321 102 519 275
317 100 515 273
313 97 511 270
308 96 506 269
302 92 500 265
299 92 497 265
296 98 494 271
291 100 489 273
285 104 483 277
279 101 477 274
279 107 477 280
275 109 473 282
272 111 470 284
269 112 467 285
268 115 466 288
266 119 464 292
267 119 465 292
268 120 466 293
270 123 468 296
272 126 470 299
273 128 471 301
274 129 472 302
271 128 469 301
272 129 470 302
272 130 470 303
274 132 472 305
273 133 471 306
271 136 469 309
270 137 468 310
269 137 467 310
268 137 466 310
270 137 468 310
269 137 467 310
270 138 468 311
271 138 469 311
271 137 469 310
274 134 472 307
275 131 473 304
273 128 471 301
274 125 472 298
278 123 476 296
281 121 479 294
284 119 482 292
287 118 485 291
290 115 488 288
294 108 492 281
295 107 493 280
297 105 495 278
295 99 493 272
296 92 494 265
298 89 496 262
302 88 500 261
302 77 500 250
303 71 501 244
303 65 501 238
304 59 502 232
303 53 501 226
302 48 500 221
300 42 498 215
299 37 497 210
296 32 494 205
292 27 490 200
287 22 485 195
282 21 480 194
277 18 475 191
271 15 469 188
265 13 463 186
258 11 456 184
251 9 449 182
244 8 442 181
236 4 434 177
230 0 428 173
227 0 425 173
217 0 415 173
211 0 409 173
207 0 405 173
206 0 404 173
205 0 403 173
204 0 402 173
197 8 395 181
194 9 392 182
193 11 391 184
193 13 391 186
193 14 391 187
194 14 392 187
193 10 391 183
201 17 399 190
204 18 402 191
206 19 404 192
207 20 405 193
207 20 405 193
208 17 406 190
209 18 407 191
209 18 407 191
210 18 408 191
210 17 408 190
210 17 408 190
210 16 408 189
210 15 408 188
210 15 408 188
210 15 408 188
211 15 409 188
210 10 408 183
211 10 409 183
214 13 412 186
217 12 415 185
220 12 418 185
222 11 420 184
224 10 422 183
226 0 424 173
228 0 426 173
230 0 428 173
233 0 431 173
237 0 435 173
242 1 440 174
245 2 443 175
249 3 447 176
252 4 450 177
256 6 454 179
259 10 457 183
262 13 460 186
264 16 462 189
267 19 465 192
269 22 467 195
271 25 469 198
273 28 471 201
275 31 473 204
276 33 474 206
279 37 477 210
280 41 478 214
281 44 479 217
282 48 480 221
284 52 482 225
285 54 483 227
287 57 485 230
289 61 487 234
290 64 488 237
291 67 489 240
302 81 500 254
294 75 492 248
306 89 504 262
304 93 502 266
306 96 504 269
307 99 505 272
308 104 506 277
307 109 505 282
307 113 505 286
309 116 507 289
308 121 506 294
307 126 505 299
305 129 503 302
302 135 500 308
300 138 498 311
297 138 495 311
295 138 493 311
292 138 490 311
289 141 487 314
286 144 484 317
283 148 481 321
280 150 478 323
278 148 476 321
276 149 474 322
276 149 474 322
276 150 474 323
277 151 475 324
279 153 477 326
283 153 481 326
288 153 486 326
294 150 492 323
301 147 499 320
309 143 507 316
316 140 514 313
329 141 527 314
332 116 530 289
346 120 544 293
356 114 554 287
365 108 563 281
375 109 573 282
382 105 580 278
390 100 588 273
395 95 593 268
400 90 598 263
404 85 602 258
407 80 605 253
408 72 606 245
408 67 606 240
408 65 606 238
406 63 604 236
405 63 603 236
403 65 601 238
400 66 598 239
396 68 594 241
393 72 591 245
389 74 587 247
385 74 583 247
383 79 581 252
379 81 577 254
374 82 572 255
369 83 567 256
365 84 563 257
361 86 559 259
361 96 559 269
358 99 556 272
354 100 552 273
345 93 543 266
341 94 539 267
336 96 534 269
329 101 527 274
322 104 520 277
314 108 512 281
305 114 503 287
294 116 492 289
282 118 480 291
269 122 467 295
250 119 448 292
232 118 430 291
219 122 417 295
201 123 399 296
182 122 380 295
170 123 368 296
151 116 349 289
132 117 330 290
113 115 311 288
98 116 296 289
87 120 285 293
74 118 272 291
66 117 264 290
60 117 258 290
55 116 253 289
50 112 248 285
48 112 246 285
47 113 245 286
47 114 245 287
47 115 245 288
48 116 246 289
50 119 248 292
52 120 250 293
52 120 250 293
53 120 251 293
53 119 251 292
53 118 251 291
52 116 250 289
51 114 249 287
51 113 249 286
51 113 249 286
52 113 250 286
53 113 251 286
56 115 254 288
60 115 258 288
65 115 263 288
70 116 268 289
78 117 276 290
89 113 287 286
103 112 301 285
115 113 313 286
125 111 323 284
136 107 334 280
155 112 353 285
174 120 372 293
191 123 389 296
206 125 404 298
220 128 418 301
226 123 424 296
244 138 442 311
254 142 452 315
262 145 460 318
269 145 467 318
275 145 473 318
280 141 478 314
283 136 481 309
285 132 483 305
289 130 487 303
291 127 489 300
294 122 492 295
296 116 494 289
298 113 496 286
301 111 499 284
305 112 503 285
308 111 506 284
311 111 509 284
315 109 513 282
320 109 518 282
326 110 524 283
332 111 530 284
338 111 536 284
344 114 542 287
351 116 549 289
358 116 556 289
364 118 562 291
372 122 570 295
377 125 575 298
381 125 579 298
383 126 581 299
385 126 583 299
385 127 583 300
384 128 582 301
382 129 580 302
379 130 577 303
375 131 573 304
370 133 568 306
364 133 562 306
359 133 557 306
354 133 552 306
346 133 544 306
340 132 538 305
335 130 533 303
329 127 527 300
325 128 523 301
322 128 520 301
318 127 516 300
311 144 509 317
304 144 502 317
295 142 493 315
303 138 501 311
302 143 500 316
295 143 493 316
284 149 482 322
303 165 501 338
299 145 497 318
298 144 496 317
298 143 496 316
297 143 495 316
297 143 495 316
297 143 495 316
278 144 476 317
267 142 465 315
264 143 462 316
263 127 461 300
261 126 459 299
260 124 458 297
259 124 457 297
258 123 456 296
259 124 457 297
255 122 453 295
253 122 451 295
248 147 446 320
245 144 443 317
240 143 438 316
249 123 447 296
247 119 445 292
241 118 439 291
239 115 437 288
235 114 433 287
234 113 432 286
232 113 430 286
228 113 426 286
226 112 424 285
225 112 423 285
223 111 421 284
221 110 419 283
220 110 418 283
220 107 418 280
218 107 416 280
216 107 414 280
208 106 406 279
208 106 406 279
208 106 406 279
208 106 406 279
209 106 407 279
211 106 409 279
214 106 412 279
218 107 416 280
220 106 418 279
222 105 420 278
224 106 422 279
226 106 424 279
228 106 426 279
231 106 429 279
244 93 442 266
248 91 446 264
250 90 448 263
253 89 451 262
255 88 453 261
254 88 452 261
255 88 453 261
255 96 453 269
256 96 454 269
258 95 456 268
260 95 458 268
261 96 459 269
262 96 460 269
264 97 462 270
262 122 460 295
263 123 461 296
265 124 463 297
266 124 464 297
267 124 465 297
268 124 466 297
268 124 466 297
273 127 471 300
254 152 452 325
258 172 456 345
263 175 461 348
263 175 461 348
261 175 459 348
259 176 457 349
256 176 454 349
256 176 454 349
260 176 458 349
262 176 460 349
262 176 460 349
259 176 457 349
261 176 459 349
261 176 459 349
260 176 458 349
259 175 457 348
260 176 458 349
261 175 459 348
261 175 459 348
262 175 460 348
261 175 459 348
261 175 459 348
262 175 460 348
262 175 460 348
262 175 460 348
261 175 459 348
258 175 456 348
255 176 453 349
261 163 459 336
260 143 458 316
256 143 454 316
254 142 452 315
256 143 454 316
255 142 453 315
255 123 453 296
253 122 451 295
249 122 447 295
230 115 428 288
225 122 423 295
218 147 416 320
217 147 415 320
216 147 414 320
217 157 415 330
217 158 415 331
203 151 401 324
218 144 416 317
218 146 416 319
204 145 402 318
205 146 403 319
206 147 404 320
205 148 403 321
206 145 404 318
207 145 405 318
208 145 406 318
207 146 405 319
205 146 403 319
203 146 401 319
200 146 398 319
197 146 395 319
194 146 392 319
193 149 391 322
206 148 404 321
225 123 423 296
225 115 423 288
216 140 414 313
212 150 410 323
204 149 402 322
197 149 395 322
194 151 392 324
192 155 390 328
206 159 404 332
201 172 399 345
200 181 398 354
192 180 390 353
188 181 386 354
182 179 380 352
185 199 383 372
181 202 379 375
177 205 375 378
175 209 373 382
171 212 369 385
168 216 366 389
164 222 362 395
160 225 358 398
154 227 352 400
148 228 346 401
140 228 338 401
132 227 330 400
125 227 323 400
109 214 307 387
98 212 296 385
96 223 294 396
87 224 285 397
79 227 277 400
70 227 268 400
61 227 259 400
54 227 252 400
46 226 244 399
37 224 235 397
31 222 229 395
25 220 223 393
19 218 217 391
0 197 198 370
0 195 198 368
4 215 202 388
2 215 200 388
0 215 198 388
0 216 198 389
0 217 198 390
0 218 198 391
0 218 198 391
0 219 198 392
0 220 198 393
0 220 198 393
0 221 198 394
0 221 198 394
0 221 198 394
0 221 198 394
0 221 198 394
0 221 198 394
1 222 199 395
2 224 200 397
3 225 201 398
4 227 202 400
6 229 204 402
7 230 205 403
8 231 206 404
9 231 207 404
11 233 209 406
13 234 211 407
15 235 213 408
